{
 "cells": [
  {
   "cell_type": "code",
   "execution_count": 16,
   "id": "cad2cb62-d61e-43b6-8ff6-efbf648c59ab",
   "metadata": {},
   "outputs": [],
   "source": [
    "import numpy as np\n",
    "import pandas as pd\n",
    "import matplotlib.pyplot as plt\n",
    "import seaborn as sns\n",
    "from scipy import stats, integrate\n",
    "from pandas import DataFrame\n",
    "\n",
    "import matplotlib.patches as mpatches\n",
    "import matplotlib.lines as mlines\n"
   ]
  },
  {
   "cell_type": "code",
   "execution_count": 18,
   "id": "9ce71e19-e8da-4f5a-add3-bd7e13a399e9",
   "metadata": {},
   "outputs": [
    {
     "data": {
      "text/html": [
       "<div>\n",
       "<style scoped>\n",
       "    .dataframe tbody tr th:only-of-type {\n",
       "        vertical-align: middle;\n",
       "    }\n",
       "\n",
       "    .dataframe tbody tr th {\n",
       "        vertical-align: top;\n",
       "    }\n",
       "\n",
       "    .dataframe thead th {\n",
       "        text-align: right;\n",
       "    }\n",
       "</style>\n",
       "<table border=\"1\" class=\"dataframe\">\n",
       "  <thead>\n",
       "    <tr style=\"text-align: right;\">\n",
       "      <th></th>\n",
       "      <th>Gleba</th>\n",
       "      <th>Ponto</th>\n",
       "      <th>Latitude</th>\n",
       "      <th>Longitude</th>\n",
       "      <th>Ano</th>\n",
       "      <th>NDVI</th>\n",
       "      <th>EVI</th>\n",
       "      <th>PH</th>\n",
       "      <th>MO</th>\n",
       "      <th>P</th>\n",
       "      <th>...</th>\n",
       "      <th>Ca</th>\n",
       "      <th>Mg</th>\n",
       "      <th>CTC</th>\n",
       "      <th>V%</th>\n",
       "      <th>S</th>\n",
       "      <th>B</th>\n",
       "      <th>Cu</th>\n",
       "      <th>Fe</th>\n",
       "      <th>Mn</th>\n",
       "      <th>Zn</th>\n",
       "    </tr>\n",
       "  </thead>\n",
       "  <tbody>\n",
       "    <tr>\n",
       "      <th>0</th>\n",
       "      <td>1</td>\n",
       "      <td>1</td>\n",
       "      <td>7959922.0</td>\n",
       "      <td>626381.0</td>\n",
       "      <td>2009</td>\n",
       "      <td>0.6952</td>\n",
       "      <td>0.4242</td>\n",
       "      <td>5.2</td>\n",
       "      <td>27</td>\n",
       "      <td>32</td>\n",
       "      <td>...</td>\n",
       "      <td>20</td>\n",
       "      <td>8</td>\n",
       "      <td>68.0</td>\n",
       "      <td>44.1</td>\n",
       "      <td>9</td>\n",
       "      <td>0.20</td>\n",
       "      <td>2.8</td>\n",
       "      <td>17</td>\n",
       "      <td>10.1</td>\n",
       "      <td>0.5</td>\n",
       "    </tr>\n",
       "    <tr>\n",
       "      <th>1</th>\n",
       "      <td>1</td>\n",
       "      <td>1</td>\n",
       "      <td>7959922.0</td>\n",
       "      <td>626381.0</td>\n",
       "      <td>2010</td>\n",
       "      <td>0.6779</td>\n",
       "      <td>0.4243</td>\n",
       "      <td>5.4</td>\n",
       "      <td>34</td>\n",
       "      <td>23</td>\n",
       "      <td>...</td>\n",
       "      <td>31</td>\n",
       "      <td>11</td>\n",
       "      <td>75.0</td>\n",
       "      <td>61.1</td>\n",
       "      <td>5</td>\n",
       "      <td>0.14</td>\n",
       "      <td>3.5</td>\n",
       "      <td>22</td>\n",
       "      <td>18.6</td>\n",
       "      <td>0.8</td>\n",
       "    </tr>\n",
       "    <tr>\n",
       "      <th>2</th>\n",
       "      <td>1</td>\n",
       "      <td>1</td>\n",
       "      <td>7959922.0</td>\n",
       "      <td>626381.0</td>\n",
       "      <td>2011</td>\n",
       "      <td>0.6417</td>\n",
       "      <td>0.4003</td>\n",
       "      <td>5.0</td>\n",
       "      <td>34</td>\n",
       "      <td>34</td>\n",
       "      <td>...</td>\n",
       "      <td>35</td>\n",
       "      <td>12</td>\n",
       "      <td>90.0</td>\n",
       "      <td>54.4</td>\n",
       "      <td>24</td>\n",
       "      <td>0.20</td>\n",
       "      <td>2.8</td>\n",
       "      <td>20</td>\n",
       "      <td>11.8</td>\n",
       "      <td>0.8</td>\n",
       "    </tr>\n",
       "    <tr>\n",
       "      <th>3</th>\n",
       "      <td>1</td>\n",
       "      <td>1</td>\n",
       "      <td>7959922.0</td>\n",
       "      <td>626381.0</td>\n",
       "      <td>2012</td>\n",
       "      <td>0.6750</td>\n",
       "      <td>0.4489</td>\n",
       "      <td>5.1</td>\n",
       "      <td>32</td>\n",
       "      <td>20</td>\n",
       "      <td>...</td>\n",
       "      <td>31</td>\n",
       "      <td>12</td>\n",
       "      <td>83.0</td>\n",
       "      <td>52.9</td>\n",
       "      <td>31</td>\n",
       "      <td>0.19</td>\n",
       "      <td>2.8</td>\n",
       "      <td>18</td>\n",
       "      <td>14.2</td>\n",
       "      <td>1.0</td>\n",
       "    </tr>\n",
       "    <tr>\n",
       "      <th>4</th>\n",
       "      <td>1</td>\n",
       "      <td>1</td>\n",
       "      <td>7959922.0</td>\n",
       "      <td>626381.0</td>\n",
       "      <td>2013</td>\n",
       "      <td>0.6727</td>\n",
       "      <td>0.4227</td>\n",
       "      <td>5.1</td>\n",
       "      <td>32</td>\n",
       "      <td>20</td>\n",
       "      <td>...</td>\n",
       "      <td>31</td>\n",
       "      <td>12</td>\n",
       "      <td>83.0</td>\n",
       "      <td>52.9</td>\n",
       "      <td>31</td>\n",
       "      <td>0.19</td>\n",
       "      <td>2.8</td>\n",
       "      <td>18</td>\n",
       "      <td>14.2</td>\n",
       "      <td>1.0</td>\n",
       "    </tr>\n",
       "  </tbody>\n",
       "</table>\n",
       "<p>5 rows × 21 columns</p>\n",
       "</div>"
      ],
      "text/plain": [
       "   Gleba  Ponto   Latitude  Longitude    Ano    NDVI     EVI   PH  MO   P  \\\n",
       "0      1      1  7959922.0    626381.0  2009  0.6952  0.4242  5.2  27  32   \n",
       "1      1      1  7959922.0    626381.0  2010  0.6779  0.4243  5.4  34  23   \n",
       "2      1      1  7959922.0    626381.0  2011  0.6417  0.4003  5.0  34  34   \n",
       "3      1      1  7959922.0    626381.0  2012  0.6750  0.4489  5.1  32  20   \n",
       "4      1      1  7959922.0    626381.0  2013  0.6727  0.4227  5.1  32  20   \n",
       "\n",
       "   ...  Ca  Mg   CTC    V%   S     B   Cu  Fe    Mn   Zn  \n",
       "0  ...  20   8  68.0  44.1   9  0.20  2.8  17  10.1  0.5  \n",
       "1  ...  31  11  75.0  61.1   5  0.14  3.5  22  18.6  0.8  \n",
       "2  ...  35  12  90.0  54.4  24  0.20  2.8  20  11.8  0.8  \n",
       "3  ...  31  12  83.0  52.9  31  0.19  2.8  18  14.2  1.0  \n",
       "4  ...  31  12  83.0  52.9  31  0.19  2.8  18  14.2  1.0  \n",
       "\n",
       "[5 rows x 21 columns]"
      ]
     },
     "execution_count": 18,
     "metadata": {},
     "output_type": "execute_result"
    }
   ],
   "source": [
    "dados=pd.read_excel('data_mean.xlsx')\n",
    "dados.head()"
   ]
  },
  {
   "cell_type": "code",
   "execution_count": 19,
   "id": "a39d4f94-dc60-42fc-b9c2-56e00b10c972",
   "metadata": {},
   "outputs": [],
   "source": [
    "dados.to_excel('data-trat.xlsx')"
   ]
  },
  {
   "cell_type": "code",
   "execution_count": 20,
   "id": "a5944417-cb13-4289-b9c4-b0d1be82ae49",
   "metadata": {},
   "outputs": [
    {
     "data": {
      "text/html": [
       "<div>\n",
       "<style scoped>\n",
       "    .dataframe tbody tr th:only-of-type {\n",
       "        vertical-align: middle;\n",
       "    }\n",
       "\n",
       "    .dataframe tbody tr th {\n",
       "        vertical-align: top;\n",
       "    }\n",
       "\n",
       "    .dataframe thead th {\n",
       "        text-align: right;\n",
       "    }\n",
       "</style>\n",
       "<table border=\"1\" class=\"dataframe\">\n",
       "  <thead>\n",
       "    <tr style=\"text-align: right;\">\n",
       "      <th></th>\n",
       "      <th>NDVI</th>\n",
       "      <th>EVI</th>\n",
       "      <th>PH</th>\n",
       "      <th>MO</th>\n",
       "      <th>P</th>\n",
       "      <th>K</th>\n",
       "      <th>Ca</th>\n",
       "      <th>Mg</th>\n",
       "      <th>CTC</th>\n",
       "      <th>V%</th>\n",
       "      <th>S</th>\n",
       "      <th>B</th>\n",
       "      <th>Cu</th>\n",
       "      <th>Fe</th>\n",
       "      <th>Mn</th>\n",
       "      <th>Zn</th>\n",
       "    </tr>\n",
       "  </thead>\n",
       "  <tbody>\n",
       "    <tr>\n",
       "      <th>0</th>\n",
       "      <td>0.6952</td>\n",
       "      <td>0.4242</td>\n",
       "      <td>5.2</td>\n",
       "      <td>27</td>\n",
       "      <td>32</td>\n",
       "      <td>1.4</td>\n",
       "      <td>20</td>\n",
       "      <td>8</td>\n",
       "      <td>68.0</td>\n",
       "      <td>44.1</td>\n",
       "      <td>9</td>\n",
       "      <td>0.20</td>\n",
       "      <td>2.8</td>\n",
       "      <td>17</td>\n",
       "      <td>10.1</td>\n",
       "      <td>0.5</td>\n",
       "    </tr>\n",
       "    <tr>\n",
       "      <th>1</th>\n",
       "      <td>0.6779</td>\n",
       "      <td>0.4243</td>\n",
       "      <td>5.4</td>\n",
       "      <td>34</td>\n",
       "      <td>23</td>\n",
       "      <td>2.8</td>\n",
       "      <td>31</td>\n",
       "      <td>11</td>\n",
       "      <td>75.0</td>\n",
       "      <td>61.1</td>\n",
       "      <td>5</td>\n",
       "      <td>0.14</td>\n",
       "      <td>3.5</td>\n",
       "      <td>22</td>\n",
       "      <td>18.6</td>\n",
       "      <td>0.8</td>\n",
       "    </tr>\n",
       "    <tr>\n",
       "      <th>2</th>\n",
       "      <td>0.6417</td>\n",
       "      <td>0.4003</td>\n",
       "      <td>5.0</td>\n",
       "      <td>34</td>\n",
       "      <td>34</td>\n",
       "      <td>1.8</td>\n",
       "      <td>35</td>\n",
       "      <td>12</td>\n",
       "      <td>90.0</td>\n",
       "      <td>54.4</td>\n",
       "      <td>24</td>\n",
       "      <td>0.20</td>\n",
       "      <td>2.8</td>\n",
       "      <td>20</td>\n",
       "      <td>11.8</td>\n",
       "      <td>0.8</td>\n",
       "    </tr>\n",
       "    <tr>\n",
       "      <th>3</th>\n",
       "      <td>0.6750</td>\n",
       "      <td>0.4489</td>\n",
       "      <td>5.1</td>\n",
       "      <td>32</td>\n",
       "      <td>20</td>\n",
       "      <td>1.3</td>\n",
       "      <td>31</td>\n",
       "      <td>12</td>\n",
       "      <td>83.0</td>\n",
       "      <td>52.9</td>\n",
       "      <td>31</td>\n",
       "      <td>0.19</td>\n",
       "      <td>2.8</td>\n",
       "      <td>18</td>\n",
       "      <td>14.2</td>\n",
       "      <td>1.0</td>\n",
       "    </tr>\n",
       "    <tr>\n",
       "      <th>4</th>\n",
       "      <td>0.6727</td>\n",
       "      <td>0.4227</td>\n",
       "      <td>5.1</td>\n",
       "      <td>32</td>\n",
       "      <td>20</td>\n",
       "      <td>1.3</td>\n",
       "      <td>31</td>\n",
       "      <td>12</td>\n",
       "      <td>83.0</td>\n",
       "      <td>52.9</td>\n",
       "      <td>31</td>\n",
       "      <td>0.19</td>\n",
       "      <td>2.8</td>\n",
       "      <td>18</td>\n",
       "      <td>14.2</td>\n",
       "      <td>1.0</td>\n",
       "    </tr>\n",
       "  </tbody>\n",
       "</table>\n",
       "</div>"
      ],
      "text/plain": [
       "     NDVI     EVI   PH  MO   P    K  Ca  Mg   CTC    V%   S     B   Cu  Fe  \\\n",
       "0  0.6952  0.4242  5.2  27  32  1.4  20   8  68.0  44.1   9  0.20  2.8  17   \n",
       "1  0.6779  0.4243  5.4  34  23  2.8  31  11  75.0  61.1   5  0.14  3.5  22   \n",
       "2  0.6417  0.4003  5.0  34  34  1.8  35  12  90.0  54.4  24  0.20  2.8  20   \n",
       "3  0.6750  0.4489  5.1  32  20  1.3  31  12  83.0  52.9  31  0.19  2.8  18   \n",
       "4  0.6727  0.4227  5.1  32  20  1.3  31  12  83.0  52.9  31  0.19  2.8  18   \n",
       "\n",
       "     Mn   Zn  \n",
       "0  10.1  0.5  \n",
       "1  18.6  0.8  \n",
       "2  11.8  0.8  \n",
       "3  14.2  1.0  \n",
       "4  14.2  1.0  "
      ]
     },
     "execution_count": 20,
     "metadata": {},
     "output_type": "execute_result"
    }
   ],
   "source": [
    "data = dados[['NDVI','EVI','PH', 'MO', 'P', 'K', 'Ca', 'Mg', 'CTC', 'V%', 'S', 'B', 'Cu', 'Fe', 'Mn', 'Zn']]\n",
    "data.head()"
   ]
  },
  {
   "cell_type": "code",
   "execution_count": 21,
   "id": "3ee64bc0-6ac3-4d89-8d49-5d43f4b53ff3",
   "metadata": {},
   "outputs": [
    {
     "data": {
      "text/html": [
       "<div>\n",
       "<style scoped>\n",
       "    .dataframe tbody tr th:only-of-type {\n",
       "        vertical-align: middle;\n",
       "    }\n",
       "\n",
       "    .dataframe tbody tr th {\n",
       "        vertical-align: top;\n",
       "    }\n",
       "\n",
       "    .dataframe thead th {\n",
       "        text-align: right;\n",
       "    }\n",
       "</style>\n",
       "<table border=\"1\" class=\"dataframe\">\n",
       "  <thead>\n",
       "    <tr style=\"text-align: right;\">\n",
       "      <th></th>\n",
       "      <th>NDVI</th>\n",
       "      <th>EVI</th>\n",
       "      <th>PH</th>\n",
       "      <th>MO</th>\n",
       "      <th>P</th>\n",
       "      <th>K</th>\n",
       "      <th>Ca</th>\n",
       "      <th>Mg</th>\n",
       "      <th>CTC</th>\n",
       "      <th>V%</th>\n",
       "      <th>S</th>\n",
       "      <th>B</th>\n",
       "      <th>Cu</th>\n",
       "      <th>Fe</th>\n",
       "      <th>Mn</th>\n",
       "      <th>Zn</th>\n",
       "    </tr>\n",
       "  </thead>\n",
       "  <tbody>\n",
       "    <tr>\n",
       "      <th>count</th>\n",
       "      <td>828.000000</td>\n",
       "      <td>828.000000</td>\n",
       "      <td>828.000000</td>\n",
       "      <td>828.000000</td>\n",
       "      <td>828.000000</td>\n",
       "      <td>828.000000</td>\n",
       "      <td>828.000000</td>\n",
       "      <td>828.000000</td>\n",
       "      <td>828.000000</td>\n",
       "      <td>828.000000</td>\n",
       "      <td>828.000000</td>\n",
       "      <td>828.000000</td>\n",
       "      <td>828.000000</td>\n",
       "      <td>828.000000</td>\n",
       "      <td>828.000000</td>\n",
       "      <td>828.000000</td>\n",
       "    </tr>\n",
       "    <tr>\n",
       "      <th>mean</th>\n",
       "      <td>0.611818</td>\n",
       "      <td>0.390372</td>\n",
       "      <td>5.157609</td>\n",
       "      <td>31.605072</td>\n",
       "      <td>21.543478</td>\n",
       "      <td>1.009903</td>\n",
       "      <td>26.659420</td>\n",
       "      <td>8.818841</td>\n",
       "      <td>75.848188</td>\n",
       "      <td>46.154952</td>\n",
       "      <td>38.638889</td>\n",
       "      <td>0.216039</td>\n",
       "      <td>3.131280</td>\n",
       "      <td>17.141304</td>\n",
       "      <td>9.139372</td>\n",
       "      <td>0.607246</td>\n",
       "    </tr>\n",
       "    <tr>\n",
       "      <th>std</th>\n",
       "      <td>0.087433</td>\n",
       "      <td>0.070381</td>\n",
       "      <td>0.278148</td>\n",
       "      <td>4.551181</td>\n",
       "      <td>21.182784</td>\n",
       "      <td>0.518554</td>\n",
       "      <td>13.893617</td>\n",
       "      <td>3.756627</td>\n",
       "      <td>14.969393</td>\n",
       "      <td>13.541551</td>\n",
       "      <td>25.987185</td>\n",
       "      <td>0.063758</td>\n",
       "      <td>1.421488</td>\n",
       "      <td>6.207854</td>\n",
       "      <td>6.691764</td>\n",
       "      <td>0.873136</td>\n",
       "    </tr>\n",
       "    <tr>\n",
       "      <th>min</th>\n",
       "      <td>0.229100</td>\n",
       "      <td>0.155700</td>\n",
       "      <td>4.500000</td>\n",
       "      <td>21.000000</td>\n",
       "      <td>2.000000</td>\n",
       "      <td>0.200000</td>\n",
       "      <td>5.000000</td>\n",
       "      <td>2.000000</td>\n",
       "      <td>5.300000</td>\n",
       "      <td>11.400000</td>\n",
       "      <td>3.000000</td>\n",
       "      <td>0.070000</td>\n",
       "      <td>1.200000</td>\n",
       "      <td>6.000000</td>\n",
       "      <td>1.500000</td>\n",
       "      <td>0.100000</td>\n",
       "    </tr>\n",
       "    <tr>\n",
       "      <th>25%</th>\n",
       "      <td>0.567075</td>\n",
       "      <td>0.346025</td>\n",
       "      <td>5.000000</td>\n",
       "      <td>28.000000</td>\n",
       "      <td>11.000000</td>\n",
       "      <td>0.700000</td>\n",
       "      <td>17.000000</td>\n",
       "      <td>6.000000</td>\n",
       "      <td>66.000000</td>\n",
       "      <td>36.300000</td>\n",
       "      <td>19.000000</td>\n",
       "      <td>0.170000</td>\n",
       "      <td>2.600000</td>\n",
       "      <td>13.000000</td>\n",
       "      <td>5.500000</td>\n",
       "      <td>0.300000</td>\n",
       "    </tr>\n",
       "    <tr>\n",
       "      <th>50%</th>\n",
       "      <td>0.626900</td>\n",
       "      <td>0.400600</td>\n",
       "      <td>5.100000</td>\n",
       "      <td>32.000000</td>\n",
       "      <td>18.000000</td>\n",
       "      <td>0.900000</td>\n",
       "      <td>26.000000</td>\n",
       "      <td>8.000000</td>\n",
       "      <td>75.000000</td>\n",
       "      <td>46.150000</td>\n",
       "      <td>33.000000</td>\n",
       "      <td>0.210000</td>\n",
       "      <td>3.000000</td>\n",
       "      <td>15.000000</td>\n",
       "      <td>7.500000</td>\n",
       "      <td>0.500000</td>\n",
       "    </tr>\n",
       "    <tr>\n",
       "      <th>75%</th>\n",
       "      <td>0.675950</td>\n",
       "      <td>0.438800</td>\n",
       "      <td>5.300000</td>\n",
       "      <td>35.000000</td>\n",
       "      <td>28.000000</td>\n",
       "      <td>1.200000</td>\n",
       "      <td>35.000000</td>\n",
       "      <td>11.000000</td>\n",
       "      <td>85.000000</td>\n",
       "      <td>56.800000</td>\n",
       "      <td>52.000000</td>\n",
       "      <td>0.250000</td>\n",
       "      <td>3.500000</td>\n",
       "      <td>20.000000</td>\n",
       "      <td>11.100000</td>\n",
       "      <td>0.700000</td>\n",
       "    </tr>\n",
       "    <tr>\n",
       "      <th>max</th>\n",
       "      <td>0.793200</td>\n",
       "      <td>0.575100</td>\n",
       "      <td>6.800000</td>\n",
       "      <td>45.000000</td>\n",
       "      <td>311.000000</td>\n",
       "      <td>7.400000</td>\n",
       "      <td>206.000000</td>\n",
       "      <td>25.000000</td>\n",
       "      <td>257.000000</td>\n",
       "      <td>89.500000</td>\n",
       "      <td>142.000000</td>\n",
       "      <td>0.700000</td>\n",
       "      <td>36.000000</td>\n",
       "      <td>62.000000</td>\n",
       "      <td>65.500000</td>\n",
       "      <td>20.500000</td>\n",
       "    </tr>\n",
       "  </tbody>\n",
       "</table>\n",
       "</div>"
      ],
      "text/plain": [
       "             NDVI         EVI          PH          MO           P           K  \\\n",
       "count  828.000000  828.000000  828.000000  828.000000  828.000000  828.000000   \n",
       "mean     0.611818    0.390372    5.157609   31.605072   21.543478    1.009903   \n",
       "std      0.087433    0.070381    0.278148    4.551181   21.182784    0.518554   \n",
       "min      0.229100    0.155700    4.500000   21.000000    2.000000    0.200000   \n",
       "25%      0.567075    0.346025    5.000000   28.000000   11.000000    0.700000   \n",
       "50%      0.626900    0.400600    5.100000   32.000000   18.000000    0.900000   \n",
       "75%      0.675950    0.438800    5.300000   35.000000   28.000000    1.200000   \n",
       "max      0.793200    0.575100    6.800000   45.000000  311.000000    7.400000   \n",
       "\n",
       "               Ca          Mg         CTC          V%           S           B  \\\n",
       "count  828.000000  828.000000  828.000000  828.000000  828.000000  828.000000   \n",
       "mean    26.659420    8.818841   75.848188   46.154952   38.638889    0.216039   \n",
       "std     13.893617    3.756627   14.969393   13.541551   25.987185    0.063758   \n",
       "min      5.000000    2.000000    5.300000   11.400000    3.000000    0.070000   \n",
       "25%     17.000000    6.000000   66.000000   36.300000   19.000000    0.170000   \n",
       "50%     26.000000    8.000000   75.000000   46.150000   33.000000    0.210000   \n",
       "75%     35.000000   11.000000   85.000000   56.800000   52.000000    0.250000   \n",
       "max    206.000000   25.000000  257.000000   89.500000  142.000000    0.700000   \n",
       "\n",
       "               Cu          Fe          Mn          Zn  \n",
       "count  828.000000  828.000000  828.000000  828.000000  \n",
       "mean     3.131280   17.141304    9.139372    0.607246  \n",
       "std      1.421488    6.207854    6.691764    0.873136  \n",
       "min      1.200000    6.000000    1.500000    0.100000  \n",
       "25%      2.600000   13.000000    5.500000    0.300000  \n",
       "50%      3.000000   15.000000    7.500000    0.500000  \n",
       "75%      3.500000   20.000000   11.100000    0.700000  \n",
       "max     36.000000   62.000000   65.500000   20.500000  "
      ]
     },
     "execution_count": 21,
     "metadata": {},
     "output_type": "execute_result"
    }
   ],
   "source": [
    "descritiva_geral=data.describe()\n",
    "descritiva_geral"
   ]
  },
  {
   "cell_type": "code",
   "execution_count": 22,
   "id": "67876a2a-ae7c-4f85-831c-cb7ea8ea099e",
   "metadata": {},
   "outputs": [],
   "source": [
    "# Descritiva de todas as variáveis no geral\n",
    "descritiva_geral.to_excel('descritiva_geral.xlsx')"
   ]
  },
  {
   "cell_type": "code",
   "execution_count": 23,
   "id": "1fc4a108-7452-4e7e-a0c5-b168354dbf32",
   "metadata": {},
   "outputs": [
    {
     "data": {
      "text/html": [
       "<div>\n",
       "<style scoped>\n",
       "    .dataframe tbody tr th:only-of-type {\n",
       "        vertical-align: middle;\n",
       "    }\n",
       "\n",
       "    .dataframe tbody tr th {\n",
       "        vertical-align: top;\n",
       "    }\n",
       "\n",
       "    .dataframe thead th {\n",
       "        text-align: right;\n",
       "    }\n",
       "</style>\n",
       "<table border=\"1\" class=\"dataframe\">\n",
       "  <thead>\n",
       "    <tr style=\"text-align: right;\">\n",
       "      <th></th>\n",
       "      <th>NDVI</th>\n",
       "      <th>EVI</th>\n",
       "      <th>PH</th>\n",
       "      <th>MO</th>\n",
       "      <th>P</th>\n",
       "      <th>K</th>\n",
       "      <th>Ca</th>\n",
       "      <th>Mg</th>\n",
       "      <th>CTC</th>\n",
       "      <th>V%</th>\n",
       "      <th>S</th>\n",
       "      <th>B</th>\n",
       "      <th>Cu</th>\n",
       "      <th>Fe</th>\n",
       "      <th>Mn</th>\n",
       "      <th>Zn</th>\n",
       "    </tr>\n",
       "  </thead>\n",
       "  <tbody>\n",
       "    <tr>\n",
       "      <th>NDVI</th>\n",
       "      <td>1.000000</td>\n",
       "      <td>0.821826</td>\n",
       "      <td>0.129337</td>\n",
       "      <td>0.011167</td>\n",
       "      <td>0.189544</td>\n",
       "      <td>0.119888</td>\n",
       "      <td>0.150702</td>\n",
       "      <td>0.101042</td>\n",
       "      <td>0.048775</td>\n",
       "      <td>0.170529</td>\n",
       "      <td>0.164363</td>\n",
       "      <td>0.026391</td>\n",
       "      <td>0.086039</td>\n",
       "      <td>0.127309</td>\n",
       "      <td>0.053590</td>\n",
       "      <td>0.050595</td>\n",
       "    </tr>\n",
       "    <tr>\n",
       "      <th>EVI</th>\n",
       "      <td>0.821826</td>\n",
       "      <td>1.000000</td>\n",
       "      <td>0.056892</td>\n",
       "      <td>-0.024322</td>\n",
       "      <td>0.213841</td>\n",
       "      <td>0.031598</td>\n",
       "      <td>0.067491</td>\n",
       "      <td>0.017088</td>\n",
       "      <td>-0.021264</td>\n",
       "      <td>0.081783</td>\n",
       "      <td>0.110821</td>\n",
       "      <td>-0.012154</td>\n",
       "      <td>0.026770</td>\n",
       "      <td>0.094825</td>\n",
       "      <td>-0.016082</td>\n",
       "      <td>0.007306</td>\n",
       "    </tr>\n",
       "    <tr>\n",
       "      <th>PH</th>\n",
       "      <td>0.129337</td>\n",
       "      <td>0.056892</td>\n",
       "      <td>1.000000</td>\n",
       "      <td>0.203621</td>\n",
       "      <td>0.356483</td>\n",
       "      <td>0.272050</td>\n",
       "      <td>0.666440</td>\n",
       "      <td>0.736803</td>\n",
       "      <td>0.398559</td>\n",
       "      <td>0.785939</td>\n",
       "      <td>-0.055566</td>\n",
       "      <td>-0.053973</td>\n",
       "      <td>0.252457</td>\n",
       "      <td>0.197814</td>\n",
       "      <td>0.168077</td>\n",
       "      <td>0.178523</td>\n",
       "    </tr>\n",
       "    <tr>\n",
       "      <th>MO</th>\n",
       "      <td>0.011167</td>\n",
       "      <td>-0.024322</td>\n",
       "      <td>0.203621</td>\n",
       "      <td>1.000000</td>\n",
       "      <td>-0.016766</td>\n",
       "      <td>0.024781</td>\n",
       "      <td>0.489249</td>\n",
       "      <td>0.269398</td>\n",
       "      <td>0.621857</td>\n",
       "      <td>0.307562</td>\n",
       "      <td>0.289260</td>\n",
       "      <td>0.282226</td>\n",
       "      <td>0.106233</td>\n",
       "      <td>0.048139</td>\n",
       "      <td>-0.200751</td>\n",
       "      <td>0.128770</td>\n",
       "    </tr>\n",
       "    <tr>\n",
       "      <th>P</th>\n",
       "      <td>0.189544</td>\n",
       "      <td>0.213841</td>\n",
       "      <td>0.356483</td>\n",
       "      <td>-0.016766</td>\n",
       "      <td>1.000000</td>\n",
       "      <td>0.178875</td>\n",
       "      <td>0.277627</td>\n",
       "      <td>0.323593</td>\n",
       "      <td>0.133563</td>\n",
       "      <td>0.349191</td>\n",
       "      <td>-0.065008</td>\n",
       "      <td>-0.133211</td>\n",
       "      <td>0.279713</td>\n",
       "      <td>0.411746</td>\n",
       "      <td>0.270374</td>\n",
       "      <td>0.424764</td>\n",
       "    </tr>\n",
       "    <tr>\n",
       "      <th>K</th>\n",
       "      <td>0.119888</td>\n",
       "      <td>0.031598</td>\n",
       "      <td>0.272050</td>\n",
       "      <td>0.024781</td>\n",
       "      <td>0.178875</td>\n",
       "      <td>1.000000</td>\n",
       "      <td>0.311551</td>\n",
       "      <td>0.376022</td>\n",
       "      <td>0.275463</td>\n",
       "      <td>0.381586</td>\n",
       "      <td>0.004585</td>\n",
       "      <td>0.128428</td>\n",
       "      <td>0.084634</td>\n",
       "      <td>0.306930</td>\n",
       "      <td>0.371655</td>\n",
       "      <td>0.231330</td>\n",
       "    </tr>\n",
       "    <tr>\n",
       "      <th>Ca</th>\n",
       "      <td>0.150702</td>\n",
       "      <td>0.067491</td>\n",
       "      <td>0.666440</td>\n",
       "      <td>0.489249</td>\n",
       "      <td>0.277627</td>\n",
       "      <td>0.311551</td>\n",
       "      <td>1.000000</td>\n",
       "      <td>0.837869</td>\n",
       "      <td>0.877927</td>\n",
       "      <td>0.929928</td>\n",
       "      <td>0.421741</td>\n",
       "      <td>0.408373</td>\n",
       "      <td>0.069019</td>\n",
       "      <td>0.225500</td>\n",
       "      <td>0.246971</td>\n",
       "      <td>0.354974</td>\n",
       "    </tr>\n",
       "    <tr>\n",
       "      <th>Mg</th>\n",
       "      <td>0.101042</td>\n",
       "      <td>0.017088</td>\n",
       "      <td>0.736803</td>\n",
       "      <td>0.269398</td>\n",
       "      <td>0.323593</td>\n",
       "      <td>0.376022</td>\n",
       "      <td>0.837869</td>\n",
       "      <td>1.000000</td>\n",
       "      <td>0.701294</td>\n",
       "      <td>0.894704</td>\n",
       "      <td>0.167040</td>\n",
       "      <td>0.213631</td>\n",
       "      <td>0.170086</td>\n",
       "      <td>0.232629</td>\n",
       "      <td>0.338451</td>\n",
       "      <td>0.380387</td>\n",
       "    </tr>\n",
       "    <tr>\n",
       "      <th>CTC</th>\n",
       "      <td>0.048775</td>\n",
       "      <td>-0.021264</td>\n",
       "      <td>0.398559</td>\n",
       "      <td>0.621857</td>\n",
       "      <td>0.133563</td>\n",
       "      <td>0.275463</td>\n",
       "      <td>0.877927</td>\n",
       "      <td>0.701294</td>\n",
       "      <td>1.000000</td>\n",
       "      <td>0.704186</td>\n",
       "      <td>0.510801</td>\n",
       "      <td>0.527976</td>\n",
       "      <td>-0.047701</td>\n",
       "      <td>0.117993</td>\n",
       "      <td>0.104156</td>\n",
       "      <td>0.272192</td>\n",
       "    </tr>\n",
       "    <tr>\n",
       "      <th>V%</th>\n",
       "      <td>0.170529</td>\n",
       "      <td>0.081783</td>\n",
       "      <td>0.785939</td>\n",
       "      <td>0.307562</td>\n",
       "      <td>0.349191</td>\n",
       "      <td>0.381586</td>\n",
       "      <td>0.929928</td>\n",
       "      <td>0.894704</td>\n",
       "      <td>0.704186</td>\n",
       "      <td>1.000000</td>\n",
       "      <td>0.239318</td>\n",
       "      <td>0.233842</td>\n",
       "      <td>0.169694</td>\n",
       "      <td>0.299111</td>\n",
       "      <td>0.358284</td>\n",
       "      <td>0.395056</td>\n",
       "    </tr>\n",
       "    <tr>\n",
       "      <th>S</th>\n",
       "      <td>0.164363</td>\n",
       "      <td>0.110821</td>\n",
       "      <td>-0.055566</td>\n",
       "      <td>0.289260</td>\n",
       "      <td>-0.065008</td>\n",
       "      <td>0.004585</td>\n",
       "      <td>0.421741</td>\n",
       "      <td>0.167040</td>\n",
       "      <td>0.510801</td>\n",
       "      <td>0.239318</td>\n",
       "      <td>1.000000</td>\n",
       "      <td>0.530070</td>\n",
       "      <td>-0.161835</td>\n",
       "      <td>-0.040074</td>\n",
       "      <td>-0.030241</td>\n",
       "      <td>0.100095</td>\n",
       "    </tr>\n",
       "    <tr>\n",
       "      <th>B</th>\n",
       "      <td>0.026391</td>\n",
       "      <td>-0.012154</td>\n",
       "      <td>-0.053973</td>\n",
       "      <td>0.282226</td>\n",
       "      <td>-0.133211</td>\n",
       "      <td>0.128428</td>\n",
       "      <td>0.408373</td>\n",
       "      <td>0.213631</td>\n",
       "      <td>0.527976</td>\n",
       "      <td>0.233842</td>\n",
       "      <td>0.530070</td>\n",
       "      <td>1.000000</td>\n",
       "      <td>-0.263044</td>\n",
       "      <td>-0.111909</td>\n",
       "      <td>0.038937</td>\n",
       "      <td>0.004883</td>\n",
       "    </tr>\n",
       "    <tr>\n",
       "      <th>Cu</th>\n",
       "      <td>0.086039</td>\n",
       "      <td>0.026770</td>\n",
       "      <td>0.252457</td>\n",
       "      <td>0.106233</td>\n",
       "      <td>0.279713</td>\n",
       "      <td>0.084634</td>\n",
       "      <td>0.069019</td>\n",
       "      <td>0.170086</td>\n",
       "      <td>-0.047701</td>\n",
       "      <td>0.169694</td>\n",
       "      <td>-0.161835</td>\n",
       "      <td>-0.263044</td>\n",
       "      <td>1.000000</td>\n",
       "      <td>0.476403</td>\n",
       "      <td>0.329330</td>\n",
       "      <td>0.299379</td>\n",
       "    </tr>\n",
       "    <tr>\n",
       "      <th>Fe</th>\n",
       "      <td>0.127309</td>\n",
       "      <td>0.094825</td>\n",
       "      <td>0.197814</td>\n",
       "      <td>0.048139</td>\n",
       "      <td>0.411746</td>\n",
       "      <td>0.306930</td>\n",
       "      <td>0.225500</td>\n",
       "      <td>0.232629</td>\n",
       "      <td>0.117993</td>\n",
       "      <td>0.299111</td>\n",
       "      <td>-0.040074</td>\n",
       "      <td>-0.111909</td>\n",
       "      <td>0.476403</td>\n",
       "      <td>1.000000</td>\n",
       "      <td>0.724793</td>\n",
       "      <td>0.441979</td>\n",
       "    </tr>\n",
       "    <tr>\n",
       "      <th>Mn</th>\n",
       "      <td>0.053590</td>\n",
       "      <td>-0.016082</td>\n",
       "      <td>0.168077</td>\n",
       "      <td>-0.200751</td>\n",
       "      <td>0.270374</td>\n",
       "      <td>0.371655</td>\n",
       "      <td>0.246971</td>\n",
       "      <td>0.338451</td>\n",
       "      <td>0.104156</td>\n",
       "      <td>0.358284</td>\n",
       "      <td>-0.030241</td>\n",
       "      <td>0.038937</td>\n",
       "      <td>0.329330</td>\n",
       "      <td>0.724793</td>\n",
       "      <td>1.000000</td>\n",
       "      <td>0.433668</td>\n",
       "    </tr>\n",
       "    <tr>\n",
       "      <th>Zn</th>\n",
       "      <td>0.050595</td>\n",
       "      <td>0.007306</td>\n",
       "      <td>0.178523</td>\n",
       "      <td>0.128770</td>\n",
       "      <td>0.424764</td>\n",
       "      <td>0.231330</td>\n",
       "      <td>0.354974</td>\n",
       "      <td>0.380387</td>\n",
       "      <td>0.272192</td>\n",
       "      <td>0.395056</td>\n",
       "      <td>0.100095</td>\n",
       "      <td>0.004883</td>\n",
       "      <td>0.299379</td>\n",
       "      <td>0.441979</td>\n",
       "      <td>0.433668</td>\n",
       "      <td>1.000000</td>\n",
       "    </tr>\n",
       "  </tbody>\n",
       "</table>\n",
       "</div>"
      ],
      "text/plain": [
       "          NDVI       EVI        PH        MO         P         K        Ca  \\\n",
       "NDVI  1.000000  0.821826  0.129337  0.011167  0.189544  0.119888  0.150702   \n",
       "EVI   0.821826  1.000000  0.056892 -0.024322  0.213841  0.031598  0.067491   \n",
       "PH    0.129337  0.056892  1.000000  0.203621  0.356483  0.272050  0.666440   \n",
       "MO    0.011167 -0.024322  0.203621  1.000000 -0.016766  0.024781  0.489249   \n",
       "P     0.189544  0.213841  0.356483 -0.016766  1.000000  0.178875  0.277627   \n",
       "K     0.119888  0.031598  0.272050  0.024781  0.178875  1.000000  0.311551   \n",
       "Ca    0.150702  0.067491  0.666440  0.489249  0.277627  0.311551  1.000000   \n",
       "Mg    0.101042  0.017088  0.736803  0.269398  0.323593  0.376022  0.837869   \n",
       "CTC   0.048775 -0.021264  0.398559  0.621857  0.133563  0.275463  0.877927   \n",
       "V%    0.170529  0.081783  0.785939  0.307562  0.349191  0.381586  0.929928   \n",
       "S     0.164363  0.110821 -0.055566  0.289260 -0.065008  0.004585  0.421741   \n",
       "B     0.026391 -0.012154 -0.053973  0.282226 -0.133211  0.128428  0.408373   \n",
       "Cu    0.086039  0.026770  0.252457  0.106233  0.279713  0.084634  0.069019   \n",
       "Fe    0.127309  0.094825  0.197814  0.048139  0.411746  0.306930  0.225500   \n",
       "Mn    0.053590 -0.016082  0.168077 -0.200751  0.270374  0.371655  0.246971   \n",
       "Zn    0.050595  0.007306  0.178523  0.128770  0.424764  0.231330  0.354974   \n",
       "\n",
       "            Mg       CTC        V%         S         B        Cu        Fe  \\\n",
       "NDVI  0.101042  0.048775  0.170529  0.164363  0.026391  0.086039  0.127309   \n",
       "EVI   0.017088 -0.021264  0.081783  0.110821 -0.012154  0.026770  0.094825   \n",
       "PH    0.736803  0.398559  0.785939 -0.055566 -0.053973  0.252457  0.197814   \n",
       "MO    0.269398  0.621857  0.307562  0.289260  0.282226  0.106233  0.048139   \n",
       "P     0.323593  0.133563  0.349191 -0.065008 -0.133211  0.279713  0.411746   \n",
       "K     0.376022  0.275463  0.381586  0.004585  0.128428  0.084634  0.306930   \n",
       "Ca    0.837869  0.877927  0.929928  0.421741  0.408373  0.069019  0.225500   \n",
       "Mg    1.000000  0.701294  0.894704  0.167040  0.213631  0.170086  0.232629   \n",
       "CTC   0.701294  1.000000  0.704186  0.510801  0.527976 -0.047701  0.117993   \n",
       "V%    0.894704  0.704186  1.000000  0.239318  0.233842  0.169694  0.299111   \n",
       "S     0.167040  0.510801  0.239318  1.000000  0.530070 -0.161835 -0.040074   \n",
       "B     0.213631  0.527976  0.233842  0.530070  1.000000 -0.263044 -0.111909   \n",
       "Cu    0.170086 -0.047701  0.169694 -0.161835 -0.263044  1.000000  0.476403   \n",
       "Fe    0.232629  0.117993  0.299111 -0.040074 -0.111909  0.476403  1.000000   \n",
       "Mn    0.338451  0.104156  0.358284 -0.030241  0.038937  0.329330  0.724793   \n",
       "Zn    0.380387  0.272192  0.395056  0.100095  0.004883  0.299379  0.441979   \n",
       "\n",
       "            Mn        Zn  \n",
       "NDVI  0.053590  0.050595  \n",
       "EVI  -0.016082  0.007306  \n",
       "PH    0.168077  0.178523  \n",
       "MO   -0.200751  0.128770  \n",
       "P     0.270374  0.424764  \n",
       "K     0.371655  0.231330  \n",
       "Ca    0.246971  0.354974  \n",
       "Mg    0.338451  0.380387  \n",
       "CTC   0.104156  0.272192  \n",
       "V%    0.358284  0.395056  \n",
       "S    -0.030241  0.100095  \n",
       "B     0.038937  0.004883  \n",
       "Cu    0.329330  0.299379  \n",
       "Fe    0.724793  0.441979  \n",
       "Mn    1.000000  0.433668  \n",
       "Zn    0.433668  1.000000  "
      ]
     },
     "execution_count": 23,
     "metadata": {},
     "output_type": "execute_result"
    }
   ],
   "source": [
    "# Correlação entre todas as variáveis\n",
    "corel_sp=data.corr(method='spearman')\n",
    "corel_sp"
   ]
  },
  {
   "cell_type": "code",
   "execution_count": 24,
   "id": "2fc553ee-5772-4b56-a46a-b45cb23d2feb",
   "metadata": {},
   "outputs": [],
   "source": [
    "data.to_excel('correlacao_sp.xlsx')"
   ]
  },
  {
   "cell_type": "code",
   "execution_count": 25,
   "id": "d4f84fa2-e6ab-4239-9250-c4df5d6dd990",
   "metadata": {
    "tags": []
   },
   "outputs": [
    {
     "data": {
      "text/plain": [
       "<AxesSubplot:>"
      ]
     },
     "execution_count": 25,
     "metadata": {},
     "output_type": "execute_result"
    },
    {
     "data": {
      "text/plain": [
       "<Figure size 432x288 with 0 Axes>"
      ]
     },
     "metadata": {},
     "output_type": "display_data"
    },
    {
     "data": {
